         LR       KNN       SVM  NaiveBayes        DT
0  0.986595  0.977634  0.987584    0.965538  0.826294
1  0.989903  0.981990  0.990257    0.971807  0.836549
2  0.988938  0.980182  0.989699    0.972951  0.831855
3  0.989627  0.982623  0.989275    0.971349  0.830046
4  0.988637  0.978799  0.987517    0.969313  0.826141



Summary statistics for cross-validation results:
             LR       KNN       SVM  NaiveBayes        DT
count  5.000000  5.000000  5.000000    5.000000  5.000000
mean   0.988740  0.980246  0.988867    0.970192  0.830177
std    0.001303  0.002098  0.001251    0.002915  0.004325
min    0.986595  0.977634  0.987517    0.965538  0.826141
25%    0.988637  0.978799  0.987584    0.969313  0.826294
50%    0.988938  0.980182  0.989275    0.971349  0.830046
75%    0.989627  0.981990  0.989699    0.971807  0.831855
max    0.989903  0.982623  0.990257    0.972951  0.836549