Data Shape: ()
Data Type: object

Data Contents:
{'idx': array([    0,     1,     2, ..., 39997, 39998, 39999], dtype=int32), 'resnet_feature': array([[0.882933  , 1.7576884 , 0.03708305, ..., 3.1606352 , 0.0134144 ,
        0.6481762 ],
       [1.856296  , 0.08484737, 1.9896222 , ..., 1.5459379 , 0.82842904,
        0.1313783 ],
       [1.0885917 , 0.9853252 , 1.2479072 , ..., 0.28923872, 0.6282486 ,
        0.23339106],
       ...,
       [0.22487839, 2.4103281 , 0.6937058 , ..., 0.403327  , 0.32973105,
        0.9706055 ],
       [0.6627451 , 0.5640983 , 0.6976747 , ..., 0.38385203, 1.6326518 ,
        1.1779834 ],
       [0.02847099, 3.0787446 , 0.28438878, ..., 0.9826051 , 0.01982202,
        1.6046413 ]], dtype=float32), 'vit_feature': array([[ 0.39251244, -0.7359995 , -0.40713686, ...,  1.3599503 ,
        -1.3506224 ,  0.34098613],
       [ 0.536756  ,  0.20046183,  0.53705513, ..., -1.7052754 ,
         0.09141281,  0.14567682],
       [ 0.18865782,  0.40380907,  0.08730512, ...,  1.6099654 ,
         0.55891013,  0.27936462],
       ...,
       [-0.6025765 ,  0.01734716, -0.33803308, ...,  0.85589916,
         0.7427339 , -1.248568  ],
       [ 1.5231186 ,  1.1395136 , -0.7313486 , ..., -0.11806969,
         0.79510105, -1.8904324 ],
       [-0.6422246 ,  0.14177863, -0.2094397 , ...,  0.44730175,
        -0.01628912, -0.2093908 ]], dtype=float32), 'clip_feature': array([[ 0.36834767, -0.00485287, -0.54004794, ...,  0.47027186,
         0.06563037,  0.4153874 ],
       [ 0.21078074, -0.23845242, -0.23498438, ...,  0.89894676,
         0.06032635,  0.22621469],
       [ 0.23849042, -0.17168012, -0.33907497, ...,  0.45514852,
         0.35196778, -0.05541086],
       ...,
       [-0.1104278 ,  0.14628522, -0.2647518 , ...,  0.9359021 ,
        -0.16623342, -0.20308533],
       [ 0.23675728, -0.33046892, -0.06131747, ...,  0.6114156 ,
        -0.01266578, -0.1851928 ],
       [-0.06907055,  0.06011807, -0.0398389 , ...,  0.8435011 ,
         0.05702698,  0.14922932]], dtype=float32), 'dino_feature': array([[-1.5148295 ,  0.5156541 , -1.34948   , ..., -3.938788  ,
         0.5832365 ,  1.818234  ],
       [ 0.60461986,  0.6316875 , -2.3706322 , ..., -0.71917784,
        -0.61893135,  2.9932036 ],
       [ 0.35535327, -0.5768385 ,  0.9632951 , ...,  2.2688708 ,
         0.86444795,  0.5634105 ],
       ...,
       [-0.91018575, -1.3741255 ,  3.4913125 , ..., -0.4677135 ,
        -1.9953244 ,  0.1901589 ],
       [-0.06525492,  0.9055043 ,  0.39283845, ...,  0.49695686,
        -3.2006888 ,  0.14926304],
       [ 1.2854265 ,  0.53157693, -0.09037519, ...,  0.23678556,
        -2.7206366 , -1.1384493 ]], dtype=float32)}